Memory Capacity Experiment

SPHERE
Diam 	Internal Blocks	Size semi-Structured (MiB) 	Size - Structured (MiB) 	Ratio
8 	1 	0.008324 	0.008301 	1.002757 
48 	184 	1.531555 	1.792969 	0.854201 
88 	937 	7.799278 	11.048340 	0.705923 
128 	2689 	22.382347 	34.000000 	0.658304 
168 	5761 	47.952660 	76.873535 	0.623786 
208 	10618 	88.380722 	145.894531 	0.605785 
248 	17590 	146.413345 	247.288574 	0.592075 
288 	27133 	225.846130 	387.281250 	0.583158 
328 	39541 	329.126221 	572.098145 	0.575297 
368 	55309 	460.373840 	807.964844 	0.569794 
408 	74823 	622.801941 	1101.106934 	0.565614 
448 	98430 	819.298767 	1457.750000 	0.562030 
488 	126459 	1052.602905 	1884.119629 	0.558671 
528 	159528 	1327.858398 	2386.441406 	0.556418 
568 	197805 	1646.463379 	2970.940918 	0.554189 
608 	241830 	2012.912964 	3643.843750 	0.552415 
648 	291849 	2429.254639 	4411.375488 	0.550680 
688 	348446 	2900.349365 	5279.761719 	0.549333 
728 	411749 	3427.262451 	6255.228027 	0.547904 
768 	482264 	4014.206055 	7344.000000 	0.546597 

CUBE
Diam 	Internal Blocks 	Size semi-Structured (MiB) 	Size - Structured (MiB) 	Ratio
8 	1 	0.008324 	0.008301 	1.002757 
48 	216 	1.797913 	1.792969 	1.002757 
88 	1331 	11.078804 	11.048340 	1.002757 
128 	4096 	34.093750 	34.000000 	1.002757 
168 	9261 	77.085503 	76.873535 	1.002757 
208 	17576 	146.296814 	145.894531 	1.002757 
248 	29791 	247.970428 	247.288574 	1.002757 
288 	46656 	388.349121 	387.281250 	1.002757 
328 	68921 	573.675598 	572.098145 	1.002757 
368 	97336 	810.192688 	807.964844 	1.002757 
408 	132651 	1104.143066 	1101.106934 	1.002757 
448 	175616 	1461.769531 	1457.750000 	1.002757 
488 	226981 	1889.314819 	1884.119629 	1.002757 
528 	287496 	2393.021729 	2386.441406 	1.002757 
568 	357911 	2979.132812 	2970.940918 	1.002757 
608 	438976 	3653.891113 	3643.843750 	1.002757 
648 	531441 	4423.539062 	4411.375488 	1.002757 
688 	636056 	5294.319824 	5279.761719 	1.002757 
728 	753571 	6272.476074 	6255.228027 	1.002757 
768 	884736 	7364.250000 	7344.000000 	1.002757 

CROSS
Diam 	Internal Blocks	Size semi-Structured (MiB) 	Size - Structured (MiB) 	Ratio
8 	5 	0.041618 	0.074707 	0.557087 
48 	1080 	8.989563 	16.136719 	0.557087 
88 	6655 	55.394020 	99.435059 	0.557087 
128 	20480 	170.468750 	306.000000 	0.557087 
168 	46305 	385.427521 	691.861816 	0.557087 
208 	87880 	731.484070 	1313.050781 	0.557087 
248 	148955 	1239.852173 	2225.597168 	0.557087 
288 	233280 	1941.745605 	3485.531250 	0.557087 
328 	344605 	2868.378174 	5148.883301 	0.557087 
368 	486680 	4050.963379 	7271.683594 	0.557087 
408 	663255 	5520.715332 	9909.962891 	0.557087 
448 	878080 	7308.847656 	13119.750000 	0.557087 
488 	1134905 	9446.574219 	16957.076172 	0.557087 
